

Таблица 115

Распределение субсидий бюджетам субъектов
Российской Федерации на стимулирование развития
приоритетных подотраслей агропромышленного комплекса
и развитие малых форм хозяйствования на 2020 год
и на плановый период 2021 и 2022 годов

(тыс. рублей)

Наименование субъекта Российской Федерации
2020 год
2021 год
2022 год
1
2
3
4
Республика Адыгея (Адыгея)
252 255,9
159 818,6
159 892,0
Республика Алтай
215 734,4
160 350,3
165 797,2
Республика Башкортостан
586 120,3
593 700,9
595 477,6
Республика Бурятия
146 160,8
146 264,1
146 331,4
Республика Дагестан
1 141 897,2
1 142 704,4
1 143 229,7
Республика Ингушетия
153 233,2
153 341,5
153 412,0
Кабардино-Балкарская Республика
708 334,8
708 835,5
709 161,4
Республика Калмыкия
439 426,7
355 764,2
355 927,8
Карачаево-Черкесская Республика
249 646,4
252 875,2
253 631,9
Республика Карелия
125 272,3
68 786,3
68 817,9
Республика Коми
52 982,0
53 019,5
53 043,8
Республика Крым
1 029 693,2
1 030 421,0
1 030 894,8
Республика Марий Эл
322 370,9
172 988,5
172 560,2
Республика Мордовия
308 257,4
312 244,3
313 178,7
Республика Саха (Якутия)
239 403,8
242 710,3
244 699,9
Республика Северная Осетия - Алания
176 049,2
176 173,6
176 254,6
Республика Татарстан (Татарстан)
925 028,9
936 992,9
939 796,8
Республика Тыва
166 080,9
120 981,0
121 036,6
Удмуртская Республика
357 398,6
362 021,1
363 104,4
Республика Хакасия
107 476,8
108 520,1
105 693,8
Чеченская Республика
347 597,3
347 843,0
348 002,9
Чувашская Республика - Чувашия
452 881,6
311 099,9
312 030,9
Алтайский край
918 574,5
765 561,4
767 852,3
Забайкальский край
237 519,9
229 713,5
230 790,0
Камчатский край
32 772,9
33 196,8
33 296,1
Краснодарский край
1 492 788,1
1 493 843,3
1 494 530,1
Красноярский край
342 618,9
347 050,2
348 088,8
Пермский край
265 015,2
268 442,8
269 246,1
Приморский край
202 503,2
202 646,3
193 910,4
Ставропольский край
713 009,8
722 231,5
724 392,8
Хабаровский край
63 697,6
63 742,6
63 771,9
Амурская область
192 201,1
196 780,1
191 163,3
Архангельская область
91 933,7
79 534,4
91 121,2
Астраханская область
252 426,3
252 604,8
252 720,9
Белгородская область
696 918,4
705 932,1
708 044,6
Брянская область
723 687,7
733 047,6
735 241,2
Владимирская область
205 592,9
208 252,0
208 875,2
Волгоградская область
799 571,3
800 136,5
800 504,4
Вологодская область
229 198,2
232 162,5
232 857,3
Воронежская область
888 588,6
821 653,2
825 139,0
Ивановская область
152 758,6
152 866,6
152 936,9
Иркутская область
246 999,6
250 194,2
250 942,9
Калининградская область
223 540,5
226 431,6
227 109,2
Калужская область
132 016,1
133 723,5
134 123,7
Кемеровская область - Кузбасс
156 330,5
158 352,4
158 826,3
Кировская область
324 306,5
328 500,9
329 484,0
Костромская область
108 756,8
110 831,9
114 408,1
Курганская область
414 655,9
268 988,6
266 732,1
Курская область
333 670,2
347 500,4
347 058,7
Ленинградская область
244 434,6
247 596,1
248 337,0
Липецкая область
369 874,7
338 267,6
343 367,5
Магаданская область
18 763,5
18 776,8
18 785,4
Московская область
338 470,7
342 848,3
343 874,3
Мурманская область
25 964,1
25 982,4
25 994,4
Нижегородская область
325 571,8
329 782,6
330 769,5
Новгородская область
112 752,5
112 832,2
112 884,1
Новосибирская область
389 471,9
394 509,2
395 689,7
Омская область
454 900,3
460 783,8
462 162,7
Оренбургская область
480 551,4
486 766,6
488 223,3
Орловская область
326 935,4
331 163,8
332 154,8
Пензенская область
313 183,9
317 234,5
318 183,8
Псковская область
278 665,9
148 254,1
141 531,7
Ростовская область
733 010,3
721 896,6
680 828,9
Рязанская область
251 552,5
254 057,7
253 530,7
Самарская область
310 470,5
314 486,0
315 427,1
Саратовская область
580 018,6
610 006,4
598 156,7
Сахалинская область
26 783,8
26 802,7
26 815,1
Свердловская область
291 041,4
294 805,6
295 687,8
Смоленская область
131 567,8
121 931,7
133 237,2
Тамбовская область
455 534,5
379 726,1
375 224,5
Тверская область
142 891,1
144 739,2
145 172,3
Томская область
206 392,2
206 538,1
206 633,1
Тульская область
275 990,0
268 542,1
264 870,2
Тюменская область
129 577,3
131 253,2
131 646,0
Ульяновская область
184 481,8
189 645,5
206 021,0
Челябинская область
330 792,3
335 070,6
336 073,3
Ярославская область
121 524,9
123 096,6
123 465,0
город федерального значения Севастополь
294 468,4
294 676,6
294 812,0
Еврейская автономная область
18 662,3
18 675,5
18 684,1
Ненецкий автономный округ
14 105,3
14 287,8
14 330,5
Ханты-Мансийский автономный округ - Югра
8 003,9
8 107,4
8 787,6
ВСЕГО
27 131 365,2
26 064 521,3
26 076 505,1

Таблица 116

Распределение субсидий бюджетам субъектов
Российской Федерации на поддержку сельскохозяйственного
производства по отдельным подотраслям растениеводства
и животноводства на 2020 год и на плановый период
2021 и 2022 годов

(тыс. рублей)

Наименование субъекта Российской Федерации
2020 год
2021 год
2022 год
1
2
3
4
Республика Адыгея (Адыгея)
135 147,2
128 725,9
128 852,8
Республика Алтай
152 685,4
145 430,9
145 523,8
Республика Башкортостан
972 118,8
925 930,7
923 543,5
Республика Бурятия
140 075,2
133 419,8
133 462,1
Республика Дагестан
965 992,0
920 095,0
921 004,1
Республика Ингушетия
131 534,8
125 285,2
125 392,9
Кабардино-Балкарская Республика
598 505,1
570 068,4
570 668,7
Республика Калмыкия
325 786,1
310 307,1
310 521,3
Карачаево-Черкесская Республика
358 979,8
341 923,6
342 253,0
Республика Карелия
75 142,0
71 571,7
71 499,5
Республика Коми
51 665,1
49 210,3
49 304,4
Республика Крым
870 059,1
828 720,1
829 547,4
Республика Марий Эл
158 251,3
150 732,3
150 837,7
Республика Мордовия
524 708,7
499 778,3
505 456,3
Республика Саха (Якутия)
262 617,1
250 139,4
250 331,3
Республика Северная Осетия - Алания
148 373,0
141 323,4
141 467,7
Республика Татарстан (Татарстан)
1 384 430,3
1 318 652,1
1 321 405,3
Республика Тыва
111 384,3
106 092,1
106 160,5
Удмуртская Республика
585 344,4
557 533,0
557 688,4
Республика Хакасия
124 357,6
118 448,9
116 406,8
Чеченская Республика
292 952,6
279 033,6
279 318,5
Чувашская Республика - Чувашия
450 588,9
429 180,0
429 531,5
Алтайский край
1 205 167,6
1 147 906,8
1 148 479,6
Забайкальский край
218 053,2
207 692,9
207 731,4
Камчатский край
51 035,2
48 610,3
48 644,3
Краснодарский край
1 419 214,0
1 351 783,0
1 353 608,7
Красноярский край
556 744,9
530 292,3
529 304,6
Пермский край
464 542,1
442 470,3
443 700,0
Приморский край
203 722,5
194 043,0
193 241,6
Ставропольский край
1 263 161,9
1 203 145,5
1 204 278,8
Хабаровский край
54 869,0
52 262,0
52 252,0
Амурская область
242 364,5
230 849,0
230 799,4
Архангельская область
112 567,4
107 219,0
107 328,5
Астраханская область
268 795,2
256 023,9
257 634,2
Белгородская область
1 059 966,7
1 009 604,6
1 007 938,2
Брянская область
1 107 201,9
1 054 595,5
1 056 515,5
Владимирская область
321 409,7
306 138,6
306 329,2
Волгоградская область
811 375,3
772 824,5
774 463,4
Вологодская область
357 439,9
340 457,0
340 690,8
Воронежская область
1 698 055,2
1 617 376,0
1 625 401,3
Ивановская область
148 753,3
141 685,7
141 712,2
Иркутская область
359 157,1
342 092,5
342 157,5
Калининградская область
358 722,8
341 678,8
344 990,4
Калужская область
207 966,0
198 085,0
198 171,3
Кемеровская область - Кузбасс
241 785,8
230 297,8
217 814,1
Кировская область
505 500,0
481 482,3
481 810,4
Костромская область
97 054,3
92 443,1
92 494,1
Курганская область
311 652,2
296 844,8
297 016,3
Курская область
417 251,3
397 426,5
397 110,8
Ленинградская область
379 920,6
361 869,5
374 239,0
Липецкая область
427 223,5
406 924,9
407 793,0
Магаданская область
15 813,8
15 062,4
15 077,8
Московская область
491 696,9
468 335,0
468 984,6
Мурманская область
50 282,8
47 893,7
47 711,3
Нижегородская область
510 593,1
486 333,3
486 736,1
Новгородская область
101 351,8
96 536,2
96 891,8
Новосибирская область
615 904,6
586 641,1
586 974,8
Омская область
755 421,5
719 529,2
721 200,0
Оренбургская область
770 486,6
733 878,6
736 165,4
Орловская область
639 052,5
608 689,3
601 093,4
Пензенская область
511 887,9
487 566,6
484 417,8
Псковская область
200 971,9
191 423,2
191 535,6
Ростовская область
1 041 593,5
992 104,5
990 537,0
Рязанская область
416 343,3
396 561,6
397 538,2
Самарская область
459 460,1
437 629,8
437 746,7
Саратовская область
685 417,9
652 851,7
653 228,0
Сахалинская область
23 794,2
22 663,7
22 139,8
Свердловская область
471 707,1
449 295,0
450 240,9
Смоленская область
181 592,2
172 964,2
172 903,2
Тамбовская область
567 566,2
540 599,5
537 376,1
Тверская область
238 421,7
227 093,6
227 301,8
Томская область
177 762,4
169 316,4
169 630,8
Тульская область
340 299,8
324 131,2
324 158,8
Тюменская область
191 769,3
182 657,9
185 372,2
Ульяновская область
268 629,7
255 866,3
253 704,4
Челябинская область
474 235,4
451 703,1
452 164,4
Ярославская область
190 815,8
181 749,5
181 905,7
город федерального значения Санкт-Петербург
21 359,5
20 344,7
20 365,4
город федерального значения Севастополь
1 100,5
1 048,6
1 041,6
Еврейская автономная область
17 090,6
16 278,6
16 290,0
Ненецкий автономный округ
21 965,3
20 921,7
20 936,3
Ханты-Мансийский автономный округ - Югра
11 474,7
10 929,5
11 880,1
Чукотский автономный округ
37 431,4
35 652,9
35 677,8
Ямало-Ненецкий автономный округ
11 864,8
11 301,0
11 308,9
ВСЕГО
34 206 530,7
32 581 280,5
32 604 064,8

Таблица 117

Распределение субсидий бюджетам субъектов
Российской Федерации на создание системы поддержки фермеров
и развитие сельской кооперации на 2020 год и на плановый
период 2021 и 2022 годов

(тыс. рублей)

Наименование субъекта Российской Федерации
2020 год
2021 год
2022 год
1
2
3
4
Республика Адыгея (Адыгея)
25 778,4
33 548,2
44 297,2
Республика Алтай
42 841,4
21 273,5
36 215,7
Республика Башкортостан
260 718,1
229 676,1
278 844,8
Республика Бурятия
46 824,2
51 679,1
61 222,6
Республика Дагестан
112 427,4
130 560,5
231 168,3
Республика Ингушетия
65 716,0
66 655,8
119 685,3
Кабардино-Балкарская Республика
77 559,6
100 821,5
141 906,9
Республика Калмыкия
50 213,8
66 941,6
153 043,8
Карачаево-Черкесская Республика
62 286,4
97 677,9
134 700,1
Республика Карелия
21 038,5
120 808,4
99 107,2
Республика Коми
29 138,3
17 527,5
19 341,8
Республика Крым
48 256,8
36 291,0
53 022,1
Республика Марий Эл
29 138,7
20 916,9
27 959,4
Республика Мордовия
85 745,8
70 380,6
110 023,6
Республика Саха (Якутия)
103 895,4
87 541,4
96 972,2
Республика Северная Осетия - Алания
100 100,3
146 762,3
203 625,4
Республика Татарстан (Татарстан)
265 076,7
284 493,8
296 931,7
Республика Тыва
52 884,3
71 887,8
95 357,4
Удмуртская Республика
117 063,7
139 313,9
156 993,0
Республика Хакасия
37 387,4
42 494,3
44 600,2
Чеченская Республика
74 440,7
96 311,0
101 908,0
Чувашская Республика - Чувашия
52 310,6
66 204,0
89 591,0
Алтайский край
50 336,3
58 222,2
106 478,4
Забайкальский край
46 790,3
45 647,8
61 825,3
Камчатский край
6 106,5
17 727,3
18 922,5
Краснодарский край
65 279,9
118 350,0
39 132,8
Красноярский край
27 093,6
47 750,1
63 822,7
Пермский край
51 511,4
64 509,3
85 335,7
Приморский край
29 899,1
34 382,5
51 452,3
Ставропольский край
69 971,8
54 101,4
78 123,3
Хабаровский край
27 555,0
28 842,7
37 246,1
Амурская область
42 213,7
67 599,0
75 207,4
Архангельская область
9 490,8
7 523,1
8 783,4
Астраханская область
61 552,5
98 555,3
88 991,6
Белгородская область
47 859,8
94 514,2
116 438,1
Брянская область
18 119,0
33 615,1
46 621,8
Владимирская область
40 096,0
49 586,8
66 744,6
Волгоградская область
48 178,0
80 569,1
85 949,7
Вологодская область
14 419,1
10 119,1
14 726,7
Воронежская область
26 405,2
48 237,8
64 574,1
Ивановская область
37 503,1
51 323,5
53 369,3
Иркутская область
61 605,6
47 278,4
84 519,5
Калининградская область
28 038,6
48 193,9
51 092,0
Калужская область
48 469,6
49 377,1
49 339,0
Кемеровская область - Кузбасс
21 789,3
28 822,8
35 233,4
Кировская область
29 930,0
14 253,9
22 885,2
Костромская область
18 358,9
34 772,2
46 788,9
Курганская область
34 532,3
65 640,5
86 557,8
Курская область
11 251,5
33 563,2
44 150,7
Ленинградская область
23 106,4
19 118,2
16 619,2
Липецкая область
94 725,7
84 241,5
133 081,5
Магаданская область
7 256,5
9 789,4
13 931,9
Московская область
40 416,0
39 318,7
56 682,9
Мурманская область
6 106,5
7 599,1
10 475,8
Нижегородская область
53 283,4
87 477,8
97 304,5
Новгородская область
34 956,7
35 068,0
46 481,6
Новосибирская область
45 527,5
41 726,8
59 550,1
Омская область
52 668,6
67 447,2
109 250,4
Оренбургская область
44 599,9
79 336,0
108 295,1
Орловская область
17 376,8
35 151,9
29 755,2
Пензенская область
51 034,3
61 275,4
77 802,7
Псковская область
10 954,7
33 477,3
19 233,7
Ростовская область
48 903,2
110 120,4
85 288,9
Рязанская область
17 416,5
25 391,4
35 798,3
Самарская область
37 591,9
37 751,9
39 382,1
Саратовская область
57 483,6
49 731,6
96 857,4
Сахалинская область
8 351,2
7 870,9
19 327,2
Свердловская область
48 462,7
74 115,9
101 809,9
Смоленская область
13 294,3
27 691,6
41 704,8
Тамбовская область
52 018,1
66 396,0
91 239,3
Тверская область
44 576,9
57 774,6
78 238,1
Томская область
27 174,0
24 446,1
32 384,7
Тульская область
40 167,5
23 247,0
46 080,8
Тюменская область
28 647,2
11 012,3
13 318,5
Ульяновская область
53 653,9
52 538,5
91 324,9
Челябинская область
77 575,4
38 365,4
89 476,2
Ярославская область
17 194,5
18 774,5
36 654,4
город федерального значения Севастополь
6 432,1
9 441,7
9 300,8
Еврейская автономная область
13 623,8
10 231,1
13 587,8
Ненецкий автономный округ
6 106,5
7 599,2
8 786,5
Ханты-Мансийский автономный округ - Югра
12 169,5
7 271,3
8 456,1
Чукотский автономный округ
6 106,5
9 046,0
10 475,8
Ямало-Ненецкий автономный округ
3 000,0
6 875,7
7 941,8
ВСЕГО
3 837 161,7
4 609 565,8
5 916 728,9

